0.20363636363636364
1.0
0.20363636363636364
0.20363636363636364
0.20363636363636364
0.20363636363636364
0.20363636363636364
0.02909090909090909
0.7890909090909091
0.20363636363636364
0.20363636363636364
0.92
1.0
0.20363636363636364
1.0
1.0
1.0
0.20363636363636364
0.20363636363636364
1.0
0.20363636363636364
0.20363636363636364
0.20363636363636364
0.45454545454545453
1.0
0.20363636363636364
0.20363636363636364
1.0
0.20363636363636364
0.15636363636363637
0.9090909090909091
1.0
0.20363636363636364
1.0
0.20363636363636364
0.20363636363636364
0.20363636363636364
0.20363636363636364
0.20363636363636364
0.20363636363636364
0.20363636363636364
0.20363636363636364
0.20363636363636364
0.20363636363636364
0.20363636363636364
0.20363636363636364
0.31636363636363635
1.0
1.0
0.20363636363636364
1.0
0.20363636363636364
0.20363636363636364
0.20363636363636364
0.2040072859744991
0.20363636363636364
0.20363636363636364
1.0
0.20363636363636364
0.20363636363636364
0.20363636363636364
1.0
0.20363636363636364
1.0
0.20727272727272728
0.20363636363636364
0.20363636363636364
0.20363636363636364
0.20363636363636364
1.0
0.20363636363636364
0.20363636363636364
0.20363636363636364
0.20363636363636364
0.20363636363636364
0.20363636363636364
0.20363636363636364
0.20363636363636364
0.20363636363636364
0.7890909090909091
0.20363636363636364
0.20363636363636364
0.20363636363636364
0.20363636363636364
0.20363636363636364
0.20363636363636364
1.0
1.0
1.0
0.20363636363636364
0.20363636363636364
0.9090909090909091
1.0
1.0
1.0
1.0
1.0
1.0
1.0
1.0
1.0
1.0
1.0
1.0
1.0
1.0
1.0
1.0
1.0
1.0
0.20363636363636364
0.20363636363636364
0.20363636363636364
0.20363636363636364
0.20363636363636364
0.9090909090909091
0.20363636363636364
0.20363636363636364
0.20363636363636364
0.20363636363636364
0.9090909090909091
0.20363636363636364
0.20363636363636364
0.20363636363636364
0.20363636363636364
0.20363636363636364
0.20363636363636364
0.20363636363636364
1.0
1.0
1.0
0.20363636363636364
0.20363636363636364
0.20363636363636364
1.0
0.20363636363636364
0.20363636363636364
1.0
0.20363636363636364
0.20363636363636364
0.20363636363636364
0.20363636363636364
0.20363636363636364
0.20363636363636364
1.0
0.20363636363636364
0.20363636363636364
0.20363636363636364
0.20363636363636364
1.0
0.20363636363636364
0.20363636363636364
0.20363636363636364
0.20363636363636364
1.0
0.20363636363636364
1.0
1.0
0.20363636363636364
0.20363636363636364
0.20363636363636364
0.20363636363636364
0.20363636363636364
0.20363636363636364
0.20363636363636364
0.20363636363636364
0.31636363636363635
1.0
0.20363636363636364
0.20363636363636364
1.0
1.0
0.09090909090909091
0.03272727272727273
1.0
1.0
1.0
0.20363636363636364
1.0
0.20363636363636364
0.20363636363636364
0.20363636363636364
0.20363636363636364
0.20363636363636364
1.0
0.20363636363636364
0.20363636363636364
1.0
0.20363636363636364
0.20363636363636364
0.20363636363636364
0.20363636363636364
0.20363636363636364
0.20363636363636364
0.20363636363636364
0.20363636363636364
0.20363636363636364
0.20363636363636364
0.20363636363636364
0.20363636363636364
0.20363636363636364
1.0
0.20363636363636364
0.20363636363636364
0.20363636363636364
0.20363636363636364
0.20363636363636364
0.20363636363636364
0.20363636363636364
0.20363636363636364
0.20363636363636364
0.20363636363636364
0.20363636363636364
0.20363636363636364
0.20363636363636364
0.20363636363636364
0.20363636363636364
0.20363636363636364
0.20363636363636364
0.20363636363636364
0.20363636363636364
0.20363636363636364
1.0
1.0
1.0
1.0
0.20363636363636364
1.0
1.0
0.20363636363636364
0.20363636363636364
0.20363636363636364
0.20363636363636364
1.0
0.20363636363636364
0.20363636363636364
0.14909090909090908
0.20363636363636364
0.20363636363636364
0.20363636363636364
1.0
1.0
0.20363636363636364
1.0
1.0
0.20363636363636364
1.0
1.0
1.0
0.20363636363636364
0.20363636363636364
1.0
1.0
1.0
1.0
1.0
1.0
1.0
1.0
1.0
1.0
0.20363636363636364
1.0
0.20363636363636364
0.20363636363636364
0.04363636363636364
0.20363636363636364
0.20363636363636364
0.20363636363636364
1.0
1.0
0.20363636363636364
0.20363636363636364
0.5254691689008043
1.0
1.0
1.0
1.0
0.19272727272727272
0.33090909090909093
0.20363636363636364
0.20363636363636364
0.20363636363636364
0.20363636363636364
0.20363636363636364
0.20363636363636364
0.33454545454545453
0.20363636363636364
0.44727272727272727
0.6181818181818182
0.20363636363636364
0.20363636363636364
1.0
0.20363636363636364
0.20363636363636364
0.20363636363636364
0.20363636363636364
0.20363636363636364
0.20363636363636364
0.20363636363636364
0.20363636363636364
1.0
0.20363636363636364
1.0
0.20363636363636364
0.20363636363636364
0.15636363636363637
0.17454545454545456
0.20363636363636364
1.0
1.0
0.20363636363636364
0.09454545454545454
0.44
1.0
1.0
1.0
0.02909090909090909
1.0
1.0
0.20363636363636364
0.20363636363636364
1.0
0.20363636363636364
0.20363636363636364
1.0
0.02909090909090909
1.0
1.0
0.20363636363636364
0.20363636363636364
0.20363636363636364
0.28363636363636363
0.20363636363636364
0.17122040072859745
0.20727272727272728
0.20363636363636364
1.0
0.20363636363636364
0.20363636363636364
0.20363636363636364
0.20363636363636364
0.20363636363636364
0.20363636363636364
0.20363636363636364
0.20363636363636364
0.20363636363636364
0.20363636363636364
0.3116883116883117
0.20363636363636364
0.20363636363636364
1.0
0.20363636363636364
0.20363636363636364
1.0
0.23636363636363636
1.0
0.20363636363636364
0.20363636363636364
1.0
1.0
1.0
0.20363636363636364
1.0
0.20363636363636364
1.0
0.31636363636363635
0.20363636363636364
1.0
1.0
0.20363636363636364
0.20363636363636364
1.0
1.0
0.20363636363636364
1.0
0.12
1.0
1.0
1.0
1.0
0.20363636363636364
0.20363636363636364
0.16
0.20363636363636364
1.0
1.0
0.15636363636363637
0.20363636363636364
0.9090909090909091
0.20363636363636364
1.0
0.9090909090909091
0.20363636363636364
0.20363636363636364
0.20363636363636364
1.0
0.20363636363636364
1.0
1.0
0.20363636363636364
0.20363636363636364
0.20363636363636364
0.20363636363636364
0.20363636363636364
0.20363636363636364
0.29454545454545455
0.20363636363636364
0.20363636363636364
1.0
1.0
0.20363636363636364
0.20363636363636364
1.0
0.06545454545454546
0.20363636363636364
0.20363636363636364
0.20727272727272728
1.0
1.0
0.38545454545454544
0.20363636363636364
1.0
1.0
0.31636363636363635
0.20363636363636364
0.2581818181818182
0.20363636363636364
1.0
0.20363636363636364
1.0
1.0
1.0
0.4727272727272727
0.20363636363636364
0.20363636363636364
0.20363636363636364
0.20363636363636364
0.20363636363636364
0.20363636363636364
1.0
1.0
0.20363636363636364
1.0
0.20363636363636364
0.20363636363636364
0.20363636363636364
1.0
1.0
0.20363636363636364
0.20363636363636364
0.02909090909090909
1.0
0.1890909090909091
0.20363636363636364
0.20363636363636364
1.0
0.20363636363636364
1.0
0.20363636363636364
0.20363636363636364
0.24
1.0
1.0
0.20363636363636364
0.20363636363636364
0.20363636363636364
1.0
1.0
1.0
1.0
1.0
0.20363636363636364
0.20363636363636364
0.9090909090909091
1.0
1.0
1.0
1.0
1.0
1.0
1.0
1.0
1.0
1.0
0.20363636363636364
1.0
1.0
0.20363636363636364
0.20363636363636364
0.20363636363636364
0.20363636363636364
0.20363636363636364
0.20363636363636364
0.20363636363636364
0.20363636363636364
1.0
0.20363636363636364
0.20363636363636364
1.0
1.0
1.0
1.0
0.20363636363636364
0.20363636363636364
0.9090909090909091
0.20363636363636364
1.0
0.20363636363636364
0.20363636363636364
0.20363636363636364
0.20363636363636364
0.20363636363636364
0.20363636363636364
1.0
1.0
1.0
1.0
0.20363636363636364
0.20363636363636364
0.20363636363636364
1.0
1.0
1.0
0.20363636363636364
1.0
1.0
1.0
1.0
1.0
0.20363636363636364
1.0
1.0
1.0
1.0
0.20363636363636364
0.2
0.20363636363636364
0.20363636363636364
0.20363636363636364
0.20363636363636364
0.20363636363636364
0.9090909090909091
0.20363636363636364
0.20363636363636364
0.20363636363636364
0.20363636363636364
0.20363636363636364
0.20363636363636364
1.0
1.0
0.4581818181818182
0.7090909090909091
1.0
1.0
0.9090909090909091
1.0
1.0
1.0
1.0
0.20363636363636364
0.20363636363636364
0.20363636363636364
0.20363636363636364
0.20363636363636364
1.0
1.0
0.20363636363636364
0.20363636363636364
1.0
1.0
1.0
0.20363636363636364
0.2
1.0
0.20363636363636364
0.20363636363636364
0.20363636363636364
0.20363636363636364
0.20363636363636364
0.20363636363636364
0.20363636363636364
1.0
1.0
1.0
1.0
0.20363636363636364
1.0
1.0
0.20363636363636364
1.0
0.20363636363636364
0.20363636363636364
1.0
1.0
1.0
0.6327272727272727
0.20363636363636364
0.20363636363636364
0.20363636363636364
0.20363636363636364
0.20363636363636364
0.9090909090909091
0.9090909090909091
0.9090909090909091
1.0
1.0
1.0
1.0
1.0
1.0
1.0
0.20363636363636364
0.20363636363636364
0.20363636363636364
0.9090909090909091
1.0
1.0
0.20363636363636364
0.20363636363636364
1.0
1.0
0.7090909090909091
0.9090909090909091
0.7090909090909091
0.4909090909090909
1.0
0.31272727272727274
0.31272727272727274
0.31272727272727274
0.31272727272727274
1.0
0.31272727272727274
0.31272727272727274
1.0
0.9090909090909091
1.0
1.0
1.0
1.0
1.0
0.20363636363636364
0.20363636363636364
1.0
0.20363636363636364
0.20363636363636364
1.0
0.20363636363636364
1.0
1.0
1.0
0.20363636363636364
0.20363636363636364
0.20363636363636364
0.20363636363636364
0.20363636363636364
0.20363636363636364
1.0
0.20363636363636364
1.0
0.20363636363636364
1.0
0.20363636363636364
1.0
1.0
1.0
0.025594149908592323
1.0
1.0
0.20363636363636364
1.0
0.20363636363636364
1.0
0.20363636363636364
1.0
0.20363636363636364
0.20363636363636364
0.20363636363636364
1.0
1.0
0.92
0.20363636363636364
1.0
1.0
0.20363636363636364
0.20363636363636364
1.0
1.0
1.0
1.0
1.0
1.0
0.20363636363636364
0.20363636363636364
0.1890909090909091
0.20363636363636364
1.0
0.20363636363636364
1.0
1.0
0.20363636363636364
0.20363636363636364
0.20363636363636364
0.20363636363636364
0.20363636363636364
1.0
1.0
1.0
1.0
1.0
1.0
1.0
1.0
1.0
1.0
1.0
1.0
1.0
1.0
1.0
1.0
0.9090909090909091
1.0
1.0
0.9090909090909091
1.0
1.0
1.0
1.0
1.0
1.0
1.0
1.0
1.0
1.0
1.0
1.0
1.0
1.0
0.4036363636363636
0.20363636363636364
0.20363636363636364
0.20363636363636364
0.12727272727272726
0.20363636363636364
1.0
1.0
1.0
1.0
1.0
0.92
0.8145454545454546
1.0
1.0
0.31636363636363635
1.0
0.20363636363636364
0.20363636363636364
0.20363636363636364
0.20363636363636364
1.0
0.20363636363636364
1.0
0.20363636363636364
1.0
0.20363636363636364
1.0
0.20363636363636364
1.0
1.0
1.0
1.0
1.0
1.0
1.0
1.0
0.20363636363636364
1.0
0.20363636363636364
1.0
1.0
0.20363636363636364
0.20363636363636364
0.20363636363636364
1.0
1.0
0.20363636363636364
0.20363636363636364
1.0
0.20363636363636364
1.0
1.0
0.20363636363636364
1.0
1.0
0.20363636363636364
0.20363636363636364
1.0
0.5527272727272727
1.0
1.0
1.0
1.0
1.0
1.0
1.0
1.0
1.0
1.0
0.20363636363636364
1.0
1.0
1.0
1.0
1.0
0.20363636363636364
1.0
0.20363636363636364
0.15636363636363637
1.0
1.0
1.0
1.0
1.0
1.0
1.0
1.0
0.9090909090909091
0.20363636363636364
1.0
0.20363636363636364
0.20363636363636364
0.15272727272727274
0.20363636363636364
0.31272727272727274
0.7090909090909091
0.20363636363636364
1.0
1.0
0.4036363636363636
0.20363636363636364
0.20363636363636364
1.0
0.05818181818181818
0.20363636363636364
0.20363636363636364
1.0
0.20363636363636364
1.0
0.20363636363636364
0.20363636363636364
1.0
0.20363636363636364
1.0
1.0
1.0
1.0
0.20363636363636364
1.0
0.20363636363636364
0.4290909090909091
0.20363636363636364
0.20363636363636364
1.0
1.0
0.20363636363636364
0.20363636363636364
1.0
0.9090909090909091
1.0
1.0
1.0
1.0
0.3927272727272727
0.20363636363636364
1.0
1.0
1.0
0.20363636363636364
0.20363636363636364
1.0
1.0
0.20363636363636364
1.0
0.45454545454545453
1.0
0.31636363636363635
0.20363636363636364
1.0
1.0
1.0
1.0
0.20363636363636364
0.20363636363636364
1.0
0.20363636363636364
1.0
1.0
0.20363636363636364
1.0
1.0
1.0
1.0
1.0
1.0
1.0
1.0
1.0
1.0
1.0
1.0
1.0
1.0
1.0
1.0
0.20363636363636364
0.20363636363636364
1.0
1.0
0.20363636363636364
0.9090909090909091
1.0
1.0
1.0
1.0
1.0
0.20363636363636364
1.0
1.0
1.0
1.0
1.0
1.0
0.20363636363636364
1.0
1.0
1.0
1.0
1.0
1.0
1.0
1.0
1.0
1.0
1.0
1.0
0.20363636363636364
0.20363636363636364
1.0
1.0
0.20363636363636364
1.0
1.0
0.20363636363636364
1.0
1.0
0.20363636363636364
1.0
1.0
1.0
0.4909090909090909
0.7090909090909091
0.31272727272727274
1.0
0.7090909090909091
1.0
0.7090909090909091
0.4909090909090909
1.0
1.0
1.0
1.0
1.0
0.9090909090909091
1.0
1.0
1.0
1.0
0.43272727272727274
0.9090909090909091
0.5054545454545455
1.0
1.0
1.0
1.0
1.0
1.0
1.0
1.0
1.0
1.0
1.0
0.9090909090909091
1.0
1.0
1.0
1.0
1.0
0.4618181818181818
1.0
1.0
1.0
1.0
1.0
1.0
0.9090909090909091
1.0
1.0